0.5409999879077076
1.2404999722726644
1.916499957162887
1.9959999553859233
4.158499907050282
6.6309998517856
12.528999719955028
18.254999591968954
26.146499415580184
31.186499302927405
33.364999254234135
35.9814991957508
36.00499919522554
38.24849914507941
38.380499142128976
38.78699913304299
38.64849913613871
38.66549913575873
39.08949912628159
38.70699913483113
38.939999129623175
38.50699913930148
38.29699914399534
38.9134991302155
39.14949912494048
39.02199912779033
39.475999117642644
39.10999912582338
39.38749911962077
39.20349912373349
39.28049912201241
39.37849911982194
39.41449911901727
38.63849913636223
38.898499130550775
39.30599912144244
39.47699911762029
39.368999120034275
39.37699911985546
39.49599911719561
39.189499124046414
39.249999122694135
39.50749911693856
39.3964991194196
39.49749911716208
39.478499117586765
39.411499119084326
39.461999117955564
39.404999119229615
39.480999117530885
39.47649911763146
39.302999121509494
39.520999116636816
39.461999117955564
39.391999119520186
39.37649911986664
39.284999121911824
39.26749912230298
39.42349911881611
38.61649913685396
38.98349912865088
38.77999913319945
39.11499912571162
37.60099915955216
37.73549915654585
38.13049914771691
39.184999124147
38.898499130550775
39.20699912365526
38.72249913448468
38.73499913420528
39.18199912421405
38.89199913069606
38.3189991435036
39.063999126851556
38.89449913064018
38.69849913502112
38.33099914323539
38.17549914671108
38.59299913737923
38.30249914387241
38.09199914857745
39.00599912814796
38.478999139927325
37.525499161239715
38.13549914760515
38.16949914684519
39.17699912432581
38.231999145448206
38.3684991423972
39.116999125666915
38.97099912893027
38.90849913032726
39.088499126303944
38.54199913851917
38.17249914677814
38.61849913680926
39.019999127835035
39.247499122750014
38.79299913290888
24.184999459423125
26.29499941226095
28.02299937363714
25.57299942839891
23.410999476723372
27.151499393116683
26.35899941083044
27.50799938514829
29.79549933401868
27.699499380867927
25.312499434221536
27.480999385751783
29.54499933961779
28.622999360226096
25.440999431349336
27.12599939368665
25.69799942560494
27.218499391619115
26.86199939958751
25.975499419402333
26.980499396938832
29.340999344177543
31.752999290265144
26.83249940024689
28.248999368585647
26.384499410260467
28.461999363824724
28.99899935182184
28.0324993734248
28.049999373033643
28.425999364629387
26.54599940665066
